420
10 1
-10 -1
-11 -1
-14 -1
-1 14
4 14
-4 -14
-4 -18
-4 -18
18 -4
23 -4
23 -7
-23 7
-23 9
-26 9
-26 8
-26 8
-30 8
-30 8
-30 10
-30 10
30 -10
30 -12
35 -12
35 -14
35 -14
35 -10
10 35
10 35
35 -10
35 -10
30 -10
30 -6
-6 -30
-6 -25
-6 -25
6 25
4 25
4 30
4 30
7 30
-30 7
-30 7
-7 -30
-7 -29
-7 -29
-7 -25
-7 -25
25 -7
25 -7
-7 -25
-7 -26
-7 -26
26 -7
24 -7
24 -7
25 -7
-25 7
-25 3
-26 3
-26 1
-26 1
-23 1
-23 1
-23 0
-26 0
-26 0
-26 -5
5 -26
5 -21
7 -21
-7 21
-7 21
-10 21
-10 20
20 10
20 10
20 11
20 11
20 9
18 9
18 9
18 13
21 13
13 -21
13 -21
13 -16
8 -16
16 8
16 4
21 4
21 4
4 -21
9 -21
-21 -9
-23 -9
-23 -9
-23 -11
11 -23
11 -24
8 -24
8 -26
6 -26
6 -26
2 -26
2 -21
-1 -21
-1 -21
21 -1
21 4
23 4
23 4
24 4
-24 -4
-20 -4
4 -20
0 -20
4 -20
4 -24
0 -24
0 -24
0 -24
0 24
-5 24
-5 23
0 23
0 23
0 26
3 26
3 28
-28 3
-33 3
33 -3
33 -3
28 -3
28 -8
-28 8
-29 8
-29 13
-29 13
13 29
14 29
14 29
14 29
10 29
10 29
10 26
26 -10
27 -10
32 -10
32 -5
33 -5
33 -10
-10 -33
-15 -33
-15 -29
-12 -29
-15 -29
29 -15
31 -15
15 31
12 31
7 31
7 31
7 32
7 32
4 32
4 36
8 36
8 36
9 36
36 -9
36 -9
36 -10
34 -10
34 -8
33 -8
33 -8
8 33
10 33
10 33
8 33
8 32
8 28
8 28
8 30
30 -8
26 -8
8 26
12 26
12 26
-26 12
-26 11
-29 11
-29 11
11 29
10 29
14 29
-29 14
-29 19
-28 19
19 28
19 28
24 28
-28 24
-26 24
-26 24
-22 24
-24 -22
-26 -22
26 22
26 22
-22 26
-22 26
-22 31
-22 31
-18 31
-18 31
-16 31
-16 30
-12 30
-12 30
-12 34
-7 34
-7 39
-39 -7
-39 -7
-41 -7
-41 -7
-41 -11
-41 -11
-43 -11
-43 -11
-43 -15
-15 43
-15 43
-18 43
43 18
43 18
43 17
43 17
40 17
40 17
40 22
40 22
40 21
-21 40
-18 40
18 -40
18 -40
40 18
37 18
37 18
40 18
40 18
18 -40
40 18
40 19
35 19
-35 -19
-33 -19
-33 -14
-33 -14
-37 -14
-37 -15
-36 -15
-36 -10
-35 -10
-35 -8
-8 35
-12 35
-12 34
12 -34
17 -34
17 -34
18 -34
-34 -18
-34 -20
20 -34
20 -38
-38 -20
-40 -20
-40 -15
-40 -15
-41 -15
-15 41
-15 41
-41 -15
-46 -15
-46 -15
-48 -15
-15 48
-15 50
-15 45
-15 42
-14 42
-14 40
-14 40
-15 40
-15 40
40 15
40 12
43 12
43 12
43 8
8 -43
11 -43
-43 -11
-43 -8
8 -43
8 -44
8 -44
8 -46
-8 46
-4 46
-4 41
-4 41
-4 38
-2 38
-2 38
-2 43
-2 43
-2 47
-2 47
0 47
0 -47
-3 -47
-3 -44
44 -3
48 -3
48 -3
47 -3
47 -3
42 -3
42 -3
46 -3
-46 3
-46 3
-45 3
-45 3
-3 -45
-3 -45
-3 -43
-3 -43
-43 3
-43 3
-43 6
-43 6
43 -6
46 -6
-46 6
-46 9
-43 9
9 43
9 43
-43 9
-45 9
-45 9
9 45
14 45
14 41
16 41
19 41
19 41
19 41
19 45
19 45
16 45
16 47
-47 16
-47 16
-43 16
-43 11
-48 11
11 48
11 43
6 43
-43 6
-43 2
-2 -43
-2 -43
3 -43
-43 -3
-48 -3
-48 -8
-52 -8
-8 52
-8 55
-4 55
-4 55
-7 55
-7 55
-7 52
-7 52
7 -52
8 -52
-52 -8
-52 -8
-52 -4
4 -52
4 -52
8 -52
8 -52
13 -52
-52 -13
-52 -11
-48 -11
-48 -6
-48 -6
-6 48
48 6
48 6
45 6
45 6
-6 45
-6 45
-6 40
-6 40
-6 36
-6 36
-6 37
-9 37
-37 -9
9 -37
9 -37
-9 37
-9 37
-9 42
-5 42
-42 -5
-42 -5
-42 -8
8 -42
8 -37
-37 -8
-32 -8
-32 -12
32 12
27 12
27 14
-14 27
-11 27
-11 27
27 11
27 6
-6 27
-6 30
-6 30
-4 30
-4 32
-4 32
32 4
32 -1
-32 1
-32 1
-35 1
-35 1
35 -1
35 -1
39 -1
39 -1
1 39
1 43
43 -1
43 -6
43 -6
43 -7
46 -7
46 -3
43 -3
43 -3
44 -3
44 -4
48 -4
48 -6
48 -6
48 -3
3 48
4 48
4 46
-46 4
-46 8
-45 8
-45 11
-45 11
-11 -45
-15 -45
-45 15
-41 15
-41 15
-41 20
-44 20
-44 20
-42 20
-42 19
-45 19
-49 19
-47 19
-19 -47
-19 -42
-22 -42
-22 -43
-22 -43
-18 -43
-18 -43
-18 -44
44 -18
44 -20
46 -20
20 46
20 46
20 51
20 51
-20 -51
-21 -51
-21 -51
-21 -48
-21 -48
-48 21
-52 21
-52 25
52 -25
52 -23
57 -23
-23 -57
-23 -57
-23 -52
-21 -52
21 52
-52 21
-51 21
-51 19
19 51
16 51
16 50
16 48
-48 16
-48 16
-16 -48
-18 -48
48 -18
48 -18
48 -14
14 48
14 48
48 -14
48 -13
45 -13
-13 -45
-13 -45
-13 -40
40 -13
40 -12
-12 -40
-12 -40
-12 -40
-8 -40
-8 -40
-11 -40
40 -11
39 -11
39 -9
44 -9
9 44
5 44
4 44
4 44
8 44
8 44
8 48
8 48
3 48
3 52
-52 3
-52 4
-50 4
-4 -50
-4 -50
-4 -45
-6 -45
-45 6
-48 6
-48 6
-48 3
-48 3
-50 3
-50 3
-50 7
7 50
7 45
45 -7
45 -7
48 -7
-48 7
-53 7
53 -7
53 -7
-53 7
-53 7
-53 10
-53 10
-10 -53
-10 -55
-10 -55
-55 10
-55 8
-55 8
55 -8
55 -8
59 -8
59 -4
-4 -59
-4 -63
-1 -63
1 63
1 64
1 64
-1 -64
-1 -64
-1 -61
61 -1
61 -1
65 -1
65 -5
63 -5
63 -5
63 0
60 0
60 1
60 1
60 0
64 0
64 3
64 3
67 3
67 3
70 3
70 3
73 3
73 -1
78 -1
78 -1
81 -1
81 -1
84 -1
-1 -84
-3 -84
-3 -80
-6 -80
-6 -80
6 80
6 80
6 81
6 81
6 78
6 78
7 78
7 78
7 83
12 83
12 83
-83 12
-84 12
-84 17
-84 17
17 84
17 84
21 84
84 -21
84 -22
22 84
27 84
27 87
87 -27
84 -27
84 -23
84 -23
89 -23
89 -27
89 -27
89 -29
89 -29
-29 -89
-29 -90
29 90
29 90
34 90
34 91
-34 -91
34 91
34 88
-34 -88
-34 -91
-34 -91
-34 -94
-34 -94
-39 -94
-39 -92
-41 -92
-92 41
-93 41
-93 41
93 -41
41 93
93 -41
41 93
44 93
-93 44
-93 41
41 93
36 93
36 97
97 -36
97 -37
-37 -97
-42 -97
-42 -97
-46 -97
-46 -95
-46 -95
-46 -95
-41 -95
41 95
41 91
41 91
91 -41
41 91
41 91
91 -41
91 -45
89 -45
45 89
46 89
46 89
46 91
-91 46
-91 50
-86 50
-86 51
-51 -86
-51 -86
-51 -86
-86 51
-86 46
-82 46
-82 47
-78 47
-78 47
-78 52
78 -52
78 -48
83 -48
-48 -83
-48 -83
48 83
43 83
43 83
-43 -83
-43 -84
-84 43
-84 43
-84 47
-84 47
-84 48
-84 48
-84 46
-46 -84
-46 -84
-47 -84
47 84
49 84
-84 49
-84 45
-84 45
42073
